$ANSIBLE_VAULT;1.1;AES256
61363664363737303738333936626331626461363135353666316435396566353739613262336331
3962393636613035383636646432333638616266636536310a373063356564356538633931313165
36313866393032656463333632313836613663333532346531636166613434363136373337393539
3632393939373863330a663136643932633063646333623436373363653639383233333266373664
36366539353938303236333538666236623065343930653731346463313534316336633735643935
39653536383532616366396262363465343736626438643365623737306132663231383637316334
64613537646339613332616361646334633138383532323830663335666431363639646234616635
36653935323136643338613137306531343661663939613765383361636234623563313634653033
30646266376564383437623965396435303533343033646530343538633133366139383262326630
30316235386566326630366439643530626138336535303537383931313130613262306666623034
66623831346339383235373862616461626461343332616437633636306365656261376334313061
61326664633465396661
